初期値:
x = -10 (int)
y = 3.800000 (real)
z = 10.250000 (real)

最終値:
x = 1025 (int)
y = 8.600000 (real)
z = 2077.450000 (real)
