初期値:
x = -10 (int)
y = 3.050000 (real)
z = 10.000000 (real)

最終値:
x = 7105 (int)
y = 7.100000 (real)
z = 2.900000 (real)
