初期値:
x = 0.000000 (real)
y = 0.000000 (real)
z = 0.000000 (real)

最終値:
x = 2.800000 (real)
y = -30.210000 (real)
z = -2.800000 (real)
