初期値:
x = 18.500000 (real)
y = 10 (int)
z = 0.000000 (real)
w = 0.000000 (real)
u = 0.000000 (real)
v = 0.000000 (real)

最終値:
x = 28.500000 (real)
y = 10 (int)
z = 27.500000 (real)
w = 92.500000 (real)
u = 14.250000 (real)
v = 4.250000 (real)
