初期値:
x = 0.000000 (real)
y = 0.000000 (real)

最終値:
x = 2.000000 (real)
y = -30.000000 (real)
