初期値:
x = 8.500000 (real)
y = 10 (int)
z = 0.000000 (real)
w = 0.000000 (real)
u = 0.000000 (real)
v = 0.000000 (real)

最終値:
x = 18.500000 (real)
y = 10 (int)
z = 8.150000 (real)
w = 203.750000 (real)
u = 0.800000 (real)
v = 0.400000 (real)
