初期値:
x = -15.500000 (real)
y = 2 (int)
z = 10.200000 (real)

最終値:
x = 410.062500 (real)
y = 3 (int)
z = 497.662500 (real)
