初期値:
x = 8.500000 (real)
y = 10.230000 (real)
z = -7.810000 (real)
w = -2.166000 (real)
u = -12.400000 (real)

最終値:
x = 18.730000 (real)
y = 8.380000 (real)
z = -19.525000 (real)
w = -0.570000 (real)
u = 6.330000 (real)
