初期値:
x = -10 (int)
y = 3.200000 (real)
z = 10 (int)

最終値:
x = -10 (int)
y = 7.400000 (real)
z = -2 (int)
