初期値:
x = -10 (int)
y = 3 (int)
z = 10.800000 (real)

最終値:
x = -1000 (int)
y = 7 (int)
z = 52.800000 (real)
