初期値:
x = -3.500000 (real)
y = 0.000000 (real)
z = 0.000000 (real)

最終値:
x = -3.500000 (real)
y = 3.500000 (real)
z = -3.500000 (real)
