初期値:
a(size 5) = 0.000000 (real), 0.000000 (real), 0.000000 (real), 0.000000 (real), 0.000000 (real)
x = 0.000000 (real)
y = 0.000000 (real)
z = 0.000000 (real)

最終値:
a(size 5) = 10.300000 (real), 2.810000 (real), -3.050000 (real), 0.000000 (real), 5.000000 (real)
x = 15.300000 (real)
y = 3.050000 (real)
z = 42.993000 (real)
